Explaining class 0 for compound: CCc1cn(CCCCN2CCN(c3cc(C(F)(F)F)nc(C(C)(C)C)n3)CC2)c(=O)[nH]c1=O

Shapley values for edges:
(0,1): -0.0484822867230567
(1,0): -0.0071831989366268265
(1,2): -0.02620916232942351
(2,1): 0.018993281302881172
(2,3): 0.0022616512636707215
(2,32): 0.025614275646915662
(3,2): 0.012778564677511777
(3,4): -0.017279555603630477
(4,3): -0.010308157119654146
(4,5): 0.011677424877585501
(4,29): 0.047326094297119425
(5,4): -0.007086622767415347
(5,6): 0.034959159192868836
(6,5): 0.031678478569858434
(6,7): -0.017776615188907892
(7,6): -0.0024625232594028806
(7,8): 0.008112899891474849
(8,7): 0.029697545797958212
(8,9): 0.11159880639182328
(9,8): 0.042096225078931016
(9,10): 0.13132383677041098
(9,28): 0.06897853515995317
(10,9): 0.046682203787263905
(10,11): 0.07828120498380993
(11,10): 0.06446685422340058
(11,12): 0.008354291092149132
(12,11): 0.01926606013879719
(12,13): 0.02321967950997599
(12,27): 0.05534570695354609
(13,12): -0.030147092793865852
(13,14): -0.005037655748493342
(13,26): -0.008261017057222533
(14,13): -0.007994094099293282
(14,15): -0.013184996760564232
(15,14): 0.008419685983888597
(15,16): 0.003925867478752193
(15,20): 0.002282078515817316
(16,15): 0.008179866045439115
(16,17): -0.001780167921840533
(16,18): -0.0039198363684177975
(16,19): -0.011866874255048126
(17,16): 0.011159828911319036
(18,16): 0.004359917421839017
(19,16): 0.01810307064317874
(20,15): -0.0039043369040773945
(20,21): 0.017811542107431987
(21,20): 0.0222650498648268
(21,22): 0.013074232292254318
(21,26): 0.03680789662019981
(22,21): 0.10097835723837992
(22,23): 0.004647138148008188
(22,24): 0.003934999012552496
(22,25): 0.018570719151020345
(23,22): -0.007602919667894854
(24,22): -0.015991033994119927
(25,22): -0.001607640300942783
(26,13): -0.07834849473078492
(26,21): 0.0006984487564604827
(27,12): 0.02617353570812214
(27,28): 0.06808516656121179
(28,9): 0.028597032685785083
(28,27): 0.07591793448470531
(29,4): 0.008351716658004413
(29,30): 0.0077294805566524745
(29,31): 0.0551501003721786
(30,29): -0.04522165837512329
(31,29): -0.0026557959245794645
(31,32): 0.006284137249903946
(32,2): -0.012430744988264252
(32,31): 0.053192841291081844
(32,33): 0.01571876246471891
(33,32): -0.08903294065555668

Sum of Shapley values: 1.0173567633574316

Minimal top-k set edge index:
[[9, 8, 22], [10, 9, 21]]

FID+: 0.8254188597202301

Pertinent positive set edge index:
[[9, 8, 22, 10, 28, 9, 27, 11, 12, 29, 32, 4, 10, 9, 21, 5, 6, 8, 28, 27], [10, 9, 21, 11, 27, 28, 28, 10, 27, 31, 31, 29, 9, 8, 26, 6, 5, 7, 9, 12]]

FID-: 0.2407679557800293

