Explaining class 0 for compound: O=C(NCCCCN1CCCN(C(c2ccccc2)c2ccccc2)CC1)c1cc2ccccc2s1

Shapley values for edges:
(0,1): -0.043248530240218096
(1,0): 0.033837279944739534
(1,2): 0.02751015834335843
(1,27): -0.014811374864745243
(2,1): 0.02414566870887106
(2,3): 0.047668724328702144
(3,2): 0.11524158625245041
(3,4): 0.017976820722300807
(4,3): 0.0051057414872646934
(4,5): -0.016865712959860377
(5,4): 0.00693538808848839
(5,6): 0.000593763339506435
(6,5): 0.04470421942035926
(6,7): 0.07194903727145087
(7,6): 0.06867437955873384
(7,8): 0.06349275846894245
(7,26): 0.05367178376506006
(8,7): 0.05560668768342562
(8,9): 0.01732957262548412
(9,8): 0.031123769320824838
(9,10): 0.019720156955281856
(10,9): -0.01949782924452697
(10,11): 0.06744193866779147
(11,10): 0.094363574078929
(11,12): 0.02910713023158357
(11,25): -0.03244090674531264
(12,11): 0.05735157809030071
(12,13): -0.011366378326293274
(12,19): -0.002961851757183207
(13,12): 0.045383389597426424
(13,14): -0.009132444031967871
(13,18): -0.009100736254710248
(14,13): -0.026318857534425734
(14,15): -3.848783851891677e-08
(15,14): 0.0035950183032095006
(15,16): -0.0008964915445545027
(16,15): 0.0013852698558965357
(16,17): -0.0002574761526125685
(17,16): -0.0019208291986457706
(17,18): 0.005734648714201035
(18,13): 0.00869227568439907
(18,17): -0.0027254304371461383
(19,12): 0.021384116837972634
(19,20): -0.014355556332076903
(19,24): -0.006149781063416558
(20,19): -0.003458358212515795
(20,21): -0.0028149321703553882
(21,20): 0.0060295792959651935
(21,22): -0.0013570620985150666
(22,21): -0.0009564085406635759
(22,23): 0.00020589970760287395
(23,22): -0.0004656565257014153
(23,24): 0.0070092305302739515
(24,19): 0.00143498313706969
(24,23): -0.0025578691967218696
(25,11): 0.050308196202894305
(25,26): 0.025263128390007286
(26,7): 0.05274609510480015
(26,25): 0.04912254505414392
(27,1): 0.03194502190303135
(27,28): -0.006331479548129036
(27,35): 0.038934216811316494
(28,27): 0.019651374476202955
(28,29): -0.0004578442558449555
(29,28): 0.0009994914322941954
(29,30): -0.005821229552497241
(29,34): -0.0005607275118776465
(30,29): -0.009574009537468325
(30,31): -0.004700472323825159
(31,30): 0.007184102537840028
(31,32): -0.0013689961240507876
(32,31): 0.0009459130270490998
(32,33): -0.0006712719021391389
(33,32): -0.005539625008413367
(33,34): -0.005441735706574825
(34,29): 0.002762266694553287
(34,33): -0.018843760508828883
(34,35): 0.05934928445573328
(35,27): -0.019582730270699636
(35,34): -0.04984420244554242

Sum of Shapley values: 1.0412191684918333

Minimal top-k set edge index:
[[3, 11, 6, 7, 10], [2, 10, 7, 6, 11]]

FID+: 0.8446426689624786

Pertinent positive set edge index:
[[3, 11, 6, 7, 10, 7, 34, 12, 8, 7], [2, 10, 7, 6, 11, 8, 35, 11, 7, 26]]

FID-: 0.3383541703224182

