Interaction name: 5a3r

Affinity: 7.78000020980835
Predicted value: 4.642672538757324

Shapley values for edges: 

(0,1): 0.0071930551528930665
(0,2): -0.016129460334777832
(1,0): 0.06751537322998047
(1,2): -0.01838151931762695
(1,32): -0.0026738739013671877
(1,37): 0.0016075611114501954
(2,0): -0.2501192617416382
(2,1): -0.03481416702270508
(2,31): 0.03145440101623535
(2,32): 0.0020410966873168944
(2,38): -0.030494179725646973
(2,39): -0.025810809135437013
(3,7): -0.0028824377059936523
(3,13): 0.009865341186523437
(3,19): 0.002921137809753418
(3,27): -7.824897766113281e-06
(3,34): -0.004152264595031738
(3,36): -0.014064769744873046
(3,39): -0.04021268367767334
(3,40): -0.0008463907241821289
(4,7): 0.00010684967041015626
(4,8): 0.0037964344024658202
(4,13): -0.0012396907806396485
(4,19): 0.023986549377441407
(4,27): 0.003605060577392578
(4,28): 0.001425957679748535
(4,31): 0.000834512710571289
(4,40): -0.1345370578765869
(5,8): 0.006074886322021484
(5,11): 0.017154908180236815
(5,15): 0.026371207237243652
(5,28): -0.005457739830017089
(5,29): 0.0058884572982788085
(5,30): 0.0007166624069213867
(5,31): -0.002886209487915039
(5,38): -0.14144298553466797
(5,40): 0.02496267795562744
(6,9): -0.006567072868347168
(6,12): 0.008545823097229004
(6,14): -0.007348990440368653
(6,16): -0.004558124542236328
(6,21): 0.0061110973358154295
(6,23): -0.009176936149597168
(6,32): 0.0017009830474853515
(6,33): -1.7399787902832032e-05
(6,34): 0.0004634714126586914
(6,35): -0.009941082000732421
(6,37): 0.0010238170623779296
(6,38): -0.030118937492370604
(7,3): 0.0021322107315063475
(7,4): 0.010809974670410156
(7,8): -0.019134163856506348
(7,13): 0.00047440528869628905
(7,19): 0.003122868537902832
(7,24): -7.163047790527344e-05
(7,25): 0.0017330741882324219
(7,28): 0.06421963214874267
(7,36): 0.011139750480651855
(7,40): 0.018524026870727538
(8,4): 0.003984947204589844
(8,5): 0.008484177589416504
(8,7): -0.005655879974365234
(8,13): 0.0026663398742675782
(8,25): 0.005085082054138184
(8,26): 0.002815508842468262
(8,27): 0.06177116870880127
(8,31): -0.00026875972747802734
(8,40): -0.0018323373794555664
(9,6): -0.0010190057754516603
(9,10): 0.05314906120300293
(9,12): -0.013673372268676758
(9,14): 0.029773187637329102
(9,33): -2.0613670349121092e-05
(9,34): -0.010376725196838379
(9,37): -0.0014442825317382813
(9,38): -0.040832047462463376
(10,9): 0.038887128829956055
(10,14): -0.0008908414840698242
(10,33): 0.029456562995910644
(10,38): 0.0005375337600708008
(11,5): 0.012351255416870117
(11,15): 0.04027135372161865
(11,26): 0.0023805952072143556
(11,30): 0.0030986833572387695
(11,31): -0.0012164688110351562
(11,38): -0.12394952297210693
(11,40): 0.006785426139831543
(12,6): 0.0014717721939086915
(12,9): -0.023838143348693847
(12,14): -0.00793344497680664
(12,16): 0.008201532363891602
(12,21): -0.0004995250701904297
(12,23): -0.001979637145996094
(12,32): -0.0046260786056518555
(12,33): 0.005319147109985351
(12,34): -2.8672218322753907e-05
(12,35): -0.0008328962326049805
(12,36): 7.977485656738281e-06
(12,37): 0.001993093490600586
(12,38): -0.017602739334106447
(12,39): 0.004881110191345215
(13,3): -0.00453214168548584
(13,4): 0.005045080184936523
(13,7): -0.00023375511169433595
(13,8): 0.002276158332824707
(13,19): 0.0008182334899902344
(13,24): -0.0015137219429016114
(13,25): 0.0028685665130615233
(13,27): 0.005195903778076172
(13,28): 0.0004210948944091797
(13,31): -0.0023628950119018556
(13,36): 0.0010486268997192383
(13,39): 5.221366882324219e-05
(14,6): 0.014635567665100097
(14,9): 0.007047910690307618
(14,10): -0.008613176345825195
(14,12): 0.007156643867492676
(14,33): -4.76837158203125e-09
(14,34): -0.0033567094802856444
(14,37): 0.00021726131439208984
(14,38): -1.9073486328125e-08
(14,39): 0.008505916595458985
(15,5): 0.014361658096313477
(15,11): 0.024924683570861816
(15,26): -0.0017525768280029297
(15,29): 0.004091000556945801
(15,31): -0.0010590744018554687
(16,6): -0.006081686019897461
(16,12): 0.005501928329467773
(16,19): 0.000852971076965332
(16,21): -0.002338571548461914
(16,23): -2.86102294921875e-08
(16,32): 0.002751331329345703
(16,33): -0.005508427619934082
(16,34): 0.0003708267211914062
(16,35): 0.007230720520019531
(16,36): -0.006194238662719727
(16,37): 0.002498750686645508
(16,39): 0.0021741628646850587
(17,18): 0.00206085205078125
(17,20): -0.0038982963562011717
(17,38): 0.017465310096740724
(18,17): -0.006147274971008301
(18,20): -0.011449155807495117
(18,38): 0.011218376159667968
(18,39): -1.9073486328125e-08
(19,3): 0.005683236122131348
(19,4): -0.11009027004241943
(19,7): -0.0005756139755249024
(19,13): 0.001276097297668457
(19,16): 0.011059622764587402
(19,24): 0.0017500114440917969
(19,25): 0.009869809150695802
(19,27): 0.0016819047927856445
(19,32): -0.019839425086975098
(19,34): -0.0016200542449951172
(19,35): 0.0036511945724487303
(19,36): -9.5367431640625e-09
(19,37): -0.021043715476989747
(20,17): -0.002884984016418457
(20,18): 0.028924736976623535
(20,38): -0.02454279899597168
(20,39): 0.012802715301513673
(21,6): -0.0038703298568725586
(21,12): -0.004851083755493164
(21,16): -0.022652955055236818
(21,22): 0.10524878978729248
(21,23): -0.0002288055419921875
(21,32): 0.010812554359436035
(21,33): 8.114814758300782e-05
(21,34): 0.035581927299499515
(21,35): 0.00020746707916259764
(21,37): 0.03207857131958008
(21,38): -0.15241720676422119
(21,39): -0.025382375717163085
(22,21): 4.76837158203125e-09
(22,23): -9.5367431640625e-09
(22,33): -0.006954970359802246
(22,38): -0.0040613126754760745
(22,39): 0.0010493898391723633
(23,6): -0.012896051406860351
(23,12): -0.0003493642807006836
(23,16): 0.021077942848205567
(23,21): 0.027650880813598632
(23,22): -0.00581486701965332
(23,32): 0.00020748615264892578
(23,33): -0.0027907657623291015
(23,34): 0.005455174446105957
(23,35): -0.001613016128540039
(23,37): 0.014889659881591797
(23,38): -0.06698818206787109
(23,39): -0.044776201248168945
(24,7): -0.009114699363708496
(24,13): -0.0007728099822998047
(24,19): -0.0029946231842041017
(24,27): -0.0007114171981811524
(24,34): -0.061703701019287106
(24,36): -0.03811760902404785
(25,7): -0.007209634780883789
(25,8): -0.007912535667419434
(25,13): -0.005993571281433106
(25,19): -0.051957197189331054
(25,27): -0.0038455057144165038
(25,28): -0.002679276466369629
(25,31): -8.456707000732422e-05
(26,8): 0.0027453231811523436
(26,11): -0.02100525379180908
(26,15): -0.020264816284179688
(26,28): 0.000854949951171875
(26,29): -0.0019855880737304687
(26,30): 7.279872894287109e-05
(26,31): -0.0004860401153564453
(27,3): -0.0058087921142578125
(27,4): 0.013218841552734374
(27,8): -0.052449002265930175
(27,13): -0.003399701118469238
(27,19): 0.0013895702362060546
(27,24): -0.0026293373107910156
(27,25): -0.005792694091796875
(27,28): 0.0015770673751831054
(27,36): -0.033511624336242676
(28,4): -1.430511474609375e-08
(28,5): -0.016479034423828125
(28,7): -0.04616992950439453
(28,13): -0.009865736961364746
(28,25): -0.0006716299057006836
(28,26): 0.001868281364440918
(28,27): 0.018860421180725097
(28,31): 0.0014389371871948243
(29,5): -0.005434780120849609
(29,15): -0.010699372291564941
(29,26): 0.0002450227737426758
(29,30): -0.008709855079650879
(29,31): 0.0001526927947998047
(30,5): -0.006140260696411133
(30,11): -0.02904905319213867
(30,26): 0.001607956886291504
(30,29): -0.0020322179794311523
(30,31): -0.0026224517822265626
(31,2): -0.02431314468383789
(31,4): -0.008864951133728028
(31,5): -0.004544522762298584
(31,8): -0.011653141975402832
(31,11): -0.0215920352935791
(31,13): 0.004463567733764649
(31,15): -0.008485970497131347
(31,25): -0.01619971752166748
(31,26): 0.0005953216552734375
(31,28): -0.0005355930328369141
(31,29): -0.006631531715393066
(31,30): 5.984783172607422e-05
(32,1): -0.04067185401916504
(32,2): -0.0418926477432251
(32,6): -0.0011460590362548828
(32,12): -0.018125672340393067
(32,16): 0.0004044198989868164
(32,19): 0.01618749141693115
(32,21): 0.011349024772644043
(32,23): -0.021626663208007813
(32,33): 0.012972445487976074
(32,34): -9.023666381835938e-05
(32,35): -2.216339111328125e-05
(32,36): 0.03438573837280273
(32,37): -0.0020641613006591795
(32,41): 0.01867598056793213
(33,6): -0.006648836135864258
(33,9): 1.4438629150390626e-05
(33,10): -0.1473697280883789
(33,12): 4.76837158203125e-09
(33,14): -0.0003015232086181641
(33,16): -0.07347238063812256
(33,21): 0.0001562356948852539
(33,22): -0.09362974643707275
(33,23): -0.013054246902465821
(33,32): 0.021228117942810057
(33,34): -0.0003077554702758789
(33,35): 0.029615840911865234
(33,37): 0.004733381271362305
(33,41): 0.05876640319824219
(33,42): 0.014368677139282226
(34,3): -0.08288504600524903
(34,6): 0.000772547721862793
(34,9): -0.043404006958007814
(34,12): -0.02750220775604248
(34,14): -0.070363130569458
(34,16): -0.0022817611694335937
(34,19): -0.007492318153381348
(34,21): -0.011104636192321778
(34,23): -0.012658109664916992
(34,24): 0.03090000629425049
(34,32): -0.0005457592010498047
(34,33): -9.5367431640625e-09
(34,35): 7.362842559814453e-05
(34,36): 0.0027956247329711916
(34,37): -0.002232246398925781
(35,6): -0.028253841400146484
(35,12): 1.430511474609375e-08
(35,16): -0.0010366058349609375
(35,19): -0.009090161323547364
(35,21): -0.0008505582809448242
(35,23): -0.0046133756637573246
(35,32): -9.5367431640625e-09
(35,33): 0.005654916763305664
(35,34): -0.0006812381744384766
(35,36): -4.76837158203125e-09
(35,37): -0.003394026756286621
(35,42): 0.029808888435363768
(36,3): -0.02748614311218262
(36,7): -0.018379006385803223
(36,12): -0.017570667266845703
(36,13): -0.06277852535247802
(36,16): -0.0030676698684692382
(36,19): -0.006011295318603516
(36,24): 0.012944903373718262
(36,27): 0.004153690338134766
(36,32): 0.01683596134185791
(36,34): 0.001250157356262207
(36,35): -0.005221333503723145
(36,37): 0.046108489036560056
(36,42): -0.0008604812622070312
(37,1): -0.0383558177947998
(37,6): -0.018098793029785155
(37,9): -0.02862767696380615
(37,12): -7.20834732055664e-05
(37,14): -0.05637645244598389
(37,16): -0.005061497688293457
(37,19): -0.01686625003814697
(37,21): -0.007885379791259766
(37,23): 0.01680781364440918
(37,32): 5.931854248046875e-06
(37,33): -0.00031035423278808594
(37,34): 9.5367431640625e-09
(37,35): -0.000763707160949707
(37,36): 0.008294391632080077
(38,2): 0.043524651527404784
(38,5): -0.03616871356964111
(38,6): -0.014140524864196778
(38,9): 0.023787846565246584
(38,10): -0.18130745887756347
(38,11): -0.016297273635864258
(38,12): 0.0068785762786865235
(38,14): -0.013929972648620606
(38,17): -0.09096163749694824
(38,18): -0.20630311012268066
(38,20): -0.1355673837661743
(38,21): 0.07960946083068848
(38,22): -0.256495795249939
(38,23): 0.06213738441467285
(38,40): -4.76837158203125e-09
(39,2): 0.07037303924560546
(39,3): 0.03520251274108887
(39,12): -0.02104485034942627
(39,13): -0.0780588436126709
(39,14): -0.004833841323852539
(39,16): -0.03726222991943359
(39,18): 0.03316135883331299
(39,20): -0.014413518905639649
(39,21): 0.008686904907226562
(39,22): -0.1234261417388916
(39,23): 0.07748396396636963
(40,3): -0.039570698738098146
(40,4): -0.02615755558013916
(40,5): -0.2349756145477295
(40,7): 0.1309677219390869
(40,8): 0.0007174253463745117
(40,11): -0.20890033721923829
(40,38): 9.5367431640625e-09
(41,32): 0.039030876159667965
(41,33): 0.022822046279907228
(42,33): 0.034515242576599124
(42,35): 0.014516439437866211
(42,36): 0.037695178985595705
Number of important protein edges: 0
Number of important ligand edges: 10
Number of important interaction edges: 15
