Interaction name: 5nf5

Affinity: 6.820000171661377
Predicted value: 6.540012359619141

Shapley values for edges: 

(0,4): 0.00576026439666748
(0,6): 0.005980687141418457
(0,11): 0.02561460018157959
(0,12): -0.000303192138671875
(0,13): 0.0008725404739379882
(0,14): 0.001505422592163086
(0,15): 0.03161666870117188
(0,16): 0.15571126937866211
(1,4): 1.9073486328125e-08
(1,5): 0.002392740249633789
(1,10): 0.00642146110534668
(1,12): 0.0309929084777832
(1,14): 0.007932939529418946
(1,17): -0.10843376874923706
(1,19): -0.029936032295227052
(1,20): -0.04248607158660889
(2,3): 0.02256695747375488
(2,6): 0.001874995231628418
(2,9): 0.0030208492279052736
(2,11): -0.007039346694946289
(2,12): 0.011708686351776123
(2,14): -0.0918126106262207
(2,15): 0.0030825114250183105
(2,16): 0.029932336807250978
(2,17): -0.006899533271789551
(2,18): -0.030545830726623535
(2,20): -0.05769357681274414
(2,25): -0.17462090730667115
(3,2): 0.006624279022216797
(3,6): -0.029236016273498536
(3,8): 0.026620397567749022
(3,11): 0.009022712707519531
(3,12): 0.0011176300048828126
(3,13): 0.026771631240844727
(3,15): 0.025173134803771972
(3,16): -0.05589805126190186
(3,17): -0.12234277248382569
(3,18): -0.012952103614807128
(3,20): -0.023115153312683104
(3,25): 0.13170621871948243
(4,0): 0.006848850250244141
(4,1): -2.4580955505371092e-05
(4,5): -0.008729662895202637
(4,6): 0.031394083499908444
(4,7): 0.011659574508666993
(4,10): 0.12463068008422852
(4,11): 0.02231800079345703
(4,12): 0.0021971750259399416
(4,13): -0.01460041046142578
(4,14): -0.05778312206268311
(4,15): 0.02305445671081543
(4,16): 0.01022380828857422
(4,19): 0.01183359146118164
(5,1): -3.615140914916992e-05
(5,4): -0.027899308204650877
(5,7): 0.00038656711578369143
(5,12): -4.739761352539062e-06
(5,14): -0.018326001167297365
(5,17): -0.049222040176391604
(5,19): -0.018287911415100097
(5,20): -8.480548858642578e-05
(5,22): 0.02650392532348633
(6,0): -0.042356252670288086
(6,2): -0.00999438762664795
(6,3): 0.08817420482635498
(6,4): 0.06812497615814209
(6,8): 0.0014049434661865235
(6,9): 0.07195603847503662
(6,12): -2.0036697387695314e-05
(6,13): 0.0007983732223510742
(6,21): 0.001871318817138672
(6,22): -0.0003693723678588867
(6,23): 0.06300206661224365
(6,24): 0.04754930973052979
(7,4): 0.009655771255493164
(7,5): -0.0008597564697265625
(7,10): -0.011278038024902343
(7,12): -0.030755934715270997
(8,3): -4.76837158203125e-09
(8,6): 9.5367431640625e-09
(8,9): -0.017371625900268556
(8,11): 0.0034727191925048827
(8,12): -0.05203974723815918
(9,2): -9.5367431640625e-09
(9,6): -0.09879430294036866
(9,8): -0.013109846115112305
(9,11): -0.030580639839172363
(9,12): -0.0009014749526977539
(9,13): -0.060588293075561524
(10,1): -0.002470979690551758
(10,4): -0.08685479640960693
(10,7): -0.0034326982498168947
(10,12): -0.0015921926498413087
(11,0): 0.06383865118026734
(11,2): 0.001470170021057129
(11,3): 0.04040634632110596
(11,4): 0.17969039916992188
(11,8): 0.0023799848556518553
(11,9): 0.21769906997680663
(11,12): -0.00012520313262939453
(11,13): 0.009630885124206543
(12,0): -0.007847137451171875
(12,1): -0.17844136238098143
(12,2): -0.1895573329925537
(12,3): -0.0041404390335083
(12,4): -0.0019328880310058593
(12,5): -0.010531339645385742
(12,6): 0.00017690658569335938
(12,7): 0.043527235984802244
(12,8): 0.01621702194213867
(12,9): -0.001812911033630371
(12,10): -0.008502345085144043
(12,11): 0.0018702507019042968
(12,13): -0.011467971801757813
(13,0): -4.76837158203125e-09
(13,3): -0.07497005939483642
(13,4): -0.010257754325866699
(13,6): 4.76837158203125e-09
(13,9): -0.03157174587249756
(13,11): -0.00632535457611084
(13,12): -0.004750566482543945
(13,28): 0.08298404216766357
(14,0): -0.0502824878692627
(14,1): 0.0018342781066894532
(14,2): 0.02070646047592163
(14,4): 0.030366930961608887
(14,5): -0.008211097717285155
(14,20): 0.000988612174987793
(15,0): 0.02603527307510376
(15,2): -0.005737264156341553
(15,3): -0.010035810470581054
(15,4): 0.05472043514251709
(15,16): -0.0009158372879028321
(15,25): 0.027860369682312012
(16,0): 0.011972241401672364
(16,2): 0.011922817230224609
(16,3): -0.005262658596038818
(16,4): 0.022186203002929686
(16,15): 0.01147237777709961
(16,17): -0.013066298961639404
(16,25): 0.04620541572570801
(17,1): 0.020889854431152342
(17,2): 0.001081099510192871
(17,3): 0.10889730930328369
(17,5): 0.01809745788574219
(17,16): 0.0047358512878417965
(17,21): 0.0009437227249145508
(17,22): 0.002295870780944824
(18,2): 0.021358070373535157
(18,3): 0.0024822664260864256
(18,19): 0.0
(18,20): 0.00221280574798584
(19,1): 0.058697137832641605
(19,4): -0.05669667720794678
(19,5): 0.003450922966003418
(19,18): -0.005905590057373047
(19,20): 0.00639652967453003
(19,22): 0.006124353408813477
(19,23): 0.038634085655212404
(19,26): 0.0023563814163208006
(20,1): 0.019620375633239748
(20,2): 0.010100975036621093
(20,3): 0.024232678413391114
(20,5): 0.014786772727966309
(20,14): 0.0013245630264282226
(20,18): -0.004969897270202636
(20,19): -0.0003077173233032227
(21,6): 0.002963285446166992
(21,17): 0.03915168285369873
(22,5): -0.12845720767974853
(22,6): 0.00137237548828125
(22,17): -9.775638580322265e-05
(22,19): -0.01636979103088379
(22,23): 0.028426928520202635
(22,24): 0.05113755702972412
(22,26): 0.019714159965515135
(22,27): 0.05726343154907226
(23,6): 0.015787086486816405
(23,19): -0.018455557823181153
(23,22): -0.002279691696166992
(23,24): 0.008967061042785645
(23,27): 0.010931172370910645
(24,6): -0.002127828598022461
(24,22): -0.008483326435089112
(24,23): 0.010421810150146484
(24,26): 0.01749497890472412
(25,2): -0.026766505241394043
(25,3): -0.07749865055084229
(25,15): -0.019198226928710937
(25,16): -0.021236085891723634
(26,19): -0.01747795581817627
(26,22): 0.000667729377746582
(26,24): -0.03153542518615723
(26,27): -0.020097489356994628
(27,22): -0.08069553136825562
(27,23): -0.027599873542785643
(27,26): -0.015624070167541504
(28,13): 0.17705856323242186

Number of important protein edges: 0
Number of important ligand edges: 10
Number of important interaction edges: 15
