Explaining class 0 for compound: CCS(=O)(=O)NC1CCC(CCN2CCN(c3nccc4occc34)CC2)CC1

Shapley values for edges:
(0,1): 0.008420202999782108
(1,0): -0.005278217326421173
(1,2): 0.005648379338798226
(2,1): -0.013647398636851223
(2,3): 0.029973760376244888
(2,4): 0.0286826471707474
(2,5): 0.2027253355436988
(3,2): 0.03905589664773168
(4,2): 0.03654890833482756
(5,2): -0.019248632478258785
(5,6): -0.08309536525380215
(6,5): 0.1254023142555756
(6,7): 0.028475085822765457
(6,28): 0.027688045675585252
(7,6): -0.007540786359150322
(7,8): -0.00022837154189307525
(8,7): 0.004420561835123456
(8,9): -0.05250894949112695
(9,8): 0.013266978096687582
(9,10): -0.005429818260382735
(9,27): 0.02326952912928953
(10,9): -0.04577566899024744
(10,11): 0.017751020574229753
(11,10): 0.026809915545327433
(11,12): 0.08387121032883847
(12,11): 0.020472592630531077
(12,13): 0.044731717052110744
(12,26): 0.05372603719303728
(13,12): 0.04400068334578551
(13,14): 0.04792807865504864
(14,13): 0.020303986886994082
(14,15): -0.0016781823029974568
(15,14): 0.022910736966074527
(15,16): 0.01274387268995337
(15,25): 0.04955106236397281
(16,15): -0.017749780306579744
(16,17): 0.013580565788924925
(16,24): -0.003479328239092412
(17,16): -0.06728840982506565
(17,18): -0.026096974522685633
(18,17): 0.03301069344874245
(18,19): -0.011474937829991629
(19,18): 0.014586899533082419
(19,20): 0.008176581520062154
(20,19): 0.002022033511572556
(20,21): 0.016298045908902735
(20,24): -0.0007080971257721163
(21,20): -0.018980474800866586
(21,22): 0.023586467036886737
(22,21): 0.037596411903996325
(22,23): -0.011005213427854578
(23,22): 0.008184940025785264
(23,24): 0.009879204601607483
(24,16): -0.0006700251168200616
(24,20): 0.004075988863296348
(24,23): -0.0015474703502796683
(25,15): 0.0011287547196812586
(25,26): 0.049525352998158585
(26,12): 0.05567235446995805
(26,25): 0.02330960808040604
(27,9): -0.048049144780916056
(27,28): 0.017474163306427672
(28,6): -0.015044590758468647
(28,27): 0.001756556933009633

Sum of Shapley values: 0.8817173443837377

Minimal top-k set edge index:
[[2, 6, 11], [5, 5, 12]]

FID+: 1.0

Pertinent positive set edge index:
[[2, 6, 11, 26, 12, 15, 25, 13, 12, 13, 3], [5, 5, 12, 12, 26, 25, 26, 14, 13, 12, 2]]

FID-: 0.0009794235229492188

