Explaining class 0 for compound: O=C1CCc2ccc(OCCCCN3CCN(c4cc(F)cc5ccccc45)CC3)nc2N1

Shapley values for edges:
(0,1): -0.001861609033470134
(1,0): 0.023794288296663635
(1,2): -0.0057254114672231045
(1,32): 0.09601375696078725
(2,1): 0.04361202634022044
(2,3): -0.031603616933216463
(3,2): 0.029055555844116284
(3,4): 0.02790882151835678
(4,3): 0.027329064578776503
(4,5): -0.004337116165203454
(4,31): 0.017216727860356794
(5,4): -0.007727334508390234
(5,6): 0.004972384631093146
(6,5): -0.004826512320093182
(6,7): -0.021236973615451342
(7,6): -0.0073493408099296305
(7,8): -0.006976099069529106
(7,30): 0.028322195167372888
(8,7): 0.013165801386646048
(8,9): 0.016607491686384052
(9,8): -0.009849334182764225
(9,10): 0.009902776163483082
(10,9): -0.001256909349964011
(10,11): -0.03387112259917499
(11,10): 0.01096760469940034
(11,12): 0.018146429212624424
(12,11): 0.06311695642243305
(12,13): 0.06369204606249446
(13,12): 0.06738902030907515
(13,14): 0.13293573016592075
(13,29): 0.12124436511351766
(14,13): 0.062433710860699244
(14,15): 0.021477267030750754
(15,14): 0.038939720553084714
(15,16): -0.022939921321686662
(16,15): 0.07884461608098124
(16,17): 0.02238946880719106
(16,28): 0.04917961764380094
(17,16): 0.012109648463638947
(17,18): 0.010391705477613405
(17,27): 0.01026427778850914
(18,17): -0.05578016602319155
(18,19): -0.016585848942236976
(19,18): 0.0017292422960665287
(19,20): 0.0044520242767543275
(19,21): -0.008086274570747213
(20,19): -0.017030952552095777
(21,19): -0.031150317914102804
(21,22): -0.019986472684705298
(22,21): 0.01867349403665679
(22,23): -0.004929962429818616
(22,27): -0.003121376580969969
(23,22): -0.026437162667270905
(23,24): -0.002530540409519362
(24,23): -0.0028615261883172226
(24,25): 0.0007075642893853189
(25,24): -0.00016256562944477472
(25,26): -0.000442392749349382
(26,25): -0.002001525757814102
(26,27): -0.047936583505999365
(27,17): 0.012768783558071786
(27,22): -0.001569351928705836
(27,26): -0.0006394922677493355
(28,16): -0.03422228000107832
(28,29): 0.03489089717911138
(29,13): 0.0793758189866768
(29,28): 0.025863169598286752
(30,7): -0.03357709230425656
(30,31): -0.07620708388487389
(31,4): -0.01265694591847839
(31,30): 0.012006085819808261
(31,32): 0.23794502608986468
(32,1): -0.012631859244248946
(32,31): -0.024782119222034014

Sum of Shapley values: 0.9549439865035694

Minimal top-k set edge index:
[[31, 13, 13, 1], [32, 14, 29, 32]]

FID+: 0.9949625139124691

Pertinent positive set edge index:
[[31, 13, 13, 1, 29, 16, 13, 12], [32, 14, 29, 32, 13, 15, 12, 13]]

FID-: 0.020764648914337158

