Explaining class 0 for compound: COc1ccccc1N1CCN(CCCCCCNS(=O)(=O)c2ccc3ccccc3c2)CC1

Shapley values for edges:
(0,1): -0.026224097942163082
(1,0): -0.009706464699714265
(1,2): -0.033206490121057114
(2,1): 0.009508041311856126
(2,3): -0.0027495930154787535
(2,7): 0.005287877483434784
(3,2): -0.026226682143227844
(3,4): -0.0037211094355799057
(4,3): 0.008179153262442061
(4,5): 0.0007170438213759842
(5,4): -0.0013816927920985655
(5,6): -0.002910379266060152
(6,5): -0.001200786473568557
(6,7): -0.044623110007649576
(7,2): -9.243010258790237e-05
(7,6): 0.004384901176677423
(7,8): 0.02146573808975388
(8,7): 0.019823459007436487
(8,9): 0.05608681196006126
(8,33): 0.07044292897282242
(9,8): 0.008712435324278997
(9,10): 0.023943122147274377
(10,9): 0.03532721765215954
(10,11): 0.059711513856125616
(11,10): 0.09969966075052854
(11,12): 0.05505491533015103
(11,32): 0.04344738882305154
(12,11): 0.07321894584976225
(12,13): 0.038551036579257986
(13,12): 0.024835125820467496
(13,14): 0.010748439582024148
(14,13): -0.002617301500772795
(14,15): -0.0002840897741460258
(15,14): 0.001034489936798087
(15,16): -0.0004416251364162251
(16,15): 0.0025458522180426876
(16,17): 0.1391223211663914
(17,16): 0.007047142027020543
(17,18): 0.07603461739000306
(18,17): -0.04579545003255887
(18,19): 0.004111796654864357
(19,18): 0.05808388649557154
(19,20): 0.05070570274787869
(19,21): 0.04455551099343268
(19,22): -0.04520385116516332
(20,19): 0.01304429381728719
(21,19): 0.026228534308389072
(22,19): 0.046886758000630524
(22,23): -0.0038123903068212096
(22,31): -0.003936924075077116
(23,22): -0.005150782557376521
(23,24): -0.0029345985911498184
(24,23): 0.0022177290414108902
(24,25): -0.005502062064003482
(25,24): 0.00030540304847346254
(25,26): -0.008582236896122546
(25,30): -0.008006055923538383
(26,25): -0.004802578956188165
(26,27): -0.003293119794142557
(27,26): 0.001985847011009688
(27,28): -0.0016732632273239944
(28,27): -0.001447520221196313
(28,29): 0.004358286712567092
(29,28): -0.008470087524367719
(29,30): -0.011505455369179502
(30,25): 0.0006181958565953516
(30,29): -0.008806887978605897
(30,31): -0.0065542897410977175
(31,22): 0.005965568476161507
(31,30): -0.004018246713013769
(32,11): 0.04260339882530635
(32,33): 0.01987964617961932
(33,8): -0.0012250588898521477
(33,32): 0.044936502121699584

Sum of Shapley values: 0.9253105273927951

Minimal top-k set edge index:
[[16, 11, 17], [17, 10, 18]]

FID+: 0.8406211584806442

Pertinent positive set edge index:
[[16, 11, 17, 12, 8, 10, 19, 8, 11, 19, 22], [17, 10, 18, 11, 33, 11, 18, 9, 12, 20, 19]]

FID-: 0.024522066116333008

