Interaction name: 5oui

Affinity: 4.03000020980835
Predicted value: 6.0840654373168945

Shapley values for edges: 

(0,1): -0.09099623918533326
(0,2): 0.0011030101776123046
(0,6): 0.002146930694580078
(0,7): 5.311012268066406e-05
(0,8): -0.005526125431060791
(1,0): -0.03769164085388184
(1,2): -4.755258560180664e-05
(1,8): 0.00017023563385009765
(1,9): 0.008343930244445802
(1,10): -0.02082935333251953
(1,12): -0.13239558696746825
(2,0): 0.028634037971496582
(2,1): 0.006229236125946045
(2,7): -0.019384078979492188
(2,8): -9.727954864501953e-05
(2,9): 0.0005680036544799805
(2,10): -0.04146831512451172
(2,12): 0.06979869365692139
(2,13): -0.006843290328979492
(3,9): 0.005213277339935303
(3,10): 0.0028914546966552733
(3,11): 0.021197938919067384
(3,14): -0.0037833213806152343
(4,9): -0.0016842913627624512
(4,10): 0.00016876697540283203
(4,11): 0.018193185329437256
(5,6): 0.0011120033264160156
(5,7): 0.007036404609680176
(5,15): 0.049441409111022946
(5,16): 0.07520608186721801
(5,20): 0.02980219602584839
(6,0): -0.024255576133728026
(6,5): -0.0010026168823242187
(6,7): 0.007049994468688965
(6,8): -0.0008105111122131348
(6,12): -0.01767829179763794
(6,17): 0.043263585567474366
(6,21): 0.10770355939865112
(6,22): 0.019677734375
(6,24): 0.03672100305557251
(7,0): -0.041026225090026854
(7,2): 0.0182427978515625
(7,5): 0.002691810131072998
(7,6): 0.030303022861480712
(7,8): -0.016972112655639648
(7,12): -0.007106578350067139
(7,20): 0.04673717975616455
(7,22): 0.027029731273651124
(7,23): 0.19697081327438354
(8,0): -0.05508474349975586
(8,1): -0.00703209400177002
(8,2): -0.009033870697021485
(8,6): -0.013503754138946533
(8,7): -0.02764627933502197
(8,12): -0.02893929958343506
(8,18): 0.060967886447906496
(8,24): 0.02908301830291748
(9,1): -0.01887113094329834
(9,2): -0.003881978988647461
(9,3): -0.0167741322517395
(9,4): 0.009647576808929444
(9,10): 0.0037859344482421876
(9,11): 0.018709492683410645
(9,24): -0.03855868339538574
(10,1): 0.00298121452331543
(10,2): -0.04116513729095459
(10,3): 0.003918051719665527
(10,4): -0.13767081499099731
(10,9): -0.005791521072387696
(10,11): 0.0049449014663696285
(10,19): 0.1757536745071411
(11,3): -0.028943104743957518
(11,4): 0.02219099998474121
(11,9): 0.004783890247344971
(11,10): -0.003498084545135498
(11,17): -0.035974669456481936
(12,1): 0.22269771814346315
(12,2): -0.002434039115905762
(12,6): 0.002990570068359375
(12,7): 0.004515390396118164
(12,8): -0.0024717187881469725
(13,2): -0.010312762260437012
(13,24): -0.004061851501464844
(14,3): 0.017642948627471924
(15,5): 0.009200401306152343
(16,5): -0.005137982368469238
(16,17): 0.16894909858703613
(17,6): 0.060200059413909913
(17,11): 0.17521123886108397
(17,16): 0.2025648283958435
(18,8): 0.03910469055175781
(19,10): 0.11213033437728882
(19,21): 0.02993530035018921
(19,23): 0.014550070762634277
(20,5): 0.006184182167053223
(20,7): 0.049560713768005374
(21,6): 0.004792323112487793
(21,19): 0.005322868824005127
(21,23): -0.056966712474822996
(22,6): 0.01852181673049927
(22,7): 0.042069575786590575
(23,7): -0.013788189888000488
(23,19): 0.028015353679656983
(23,21): -0.031017520427703858
(24,6): 0.032574961185455324
(24,8): 0.061156256198883055
(24,9): 0.19515515565872193
(24,13): -0.058209636211395265
Number of important protein edges: 4
Number of important ligand edges: 8
Number of important interaction edges: 13
