Explaining class 0 for compound: CC(C)(C)c1nc(N2CCN(CCCCN3C(=O)CC(=O)c4ccccc43)CC2)cc(C(F)(F)F)n1

Shapley values for edges:
(0,1): -0.005539934903779039
(1,0): 0.009547589982412962
(1,2): 0.01125614764571659
(1,3): 0.00853864784143814
(1,4): 0.10041250183088325
(2,1): 0.0014104474499550433
(3,1): -0.0003090422455824343
(4,1): 0.012522674836267426
(4,5): 0.04351324875842564
(4,35): 0.03458774186424131
(5,4): 0.006760035063356726
(5,6): -0.05803272755626515
(6,5): 0.01249887602446452
(6,7): -0.026605559628864475
(6,29): -0.001777245616445642
(7,6): 0.0021237040714357164
(7,8): 0.03379494606567174
(7,28): 0.04814660383015318
(8,7): -0.005386644896035535
(8,9): 0.024484795388627426
(9,8): 0.016961905958806606
(9,10): 0.07828584356851453
(10,9): 0.059825039710131665
(10,11): 0.08588625681305789
(10,27): 0.06017348724490376
(11,10): 0.08344242301199692
(11,12): 0.05682739061312492
(12,11): 0.011233434786586293
(12,13): -0.0024355125592874097
(13,12): -0.022375339623313152
(13,14): -0.002039562794364791
(14,13): 0.030730475416677613
(14,15): -0.03407622925374894
(15,14): 0.038270286551654785
(15,16): 0.0604891496627128
(15,26): 0.010568187826043454
(16,15): 0.030510316193986583
(16,17): 0.06096575703457418
(16,18): 0.0077311889380434476
(17,16): -0.03378019674510355
(18,16): -0.030100839874834737
(18,19): 0.05487445360759745
(19,18): 0.0024852468451509215
(19,20): 0.05775788681747743
(19,21): -0.015918403498621878
(20,19): -0.05928553160952663
(21,19): 0.016811075101065193
(21,22): -0.008662068438868886
(21,26): -0.00401786562485403
(22,21): -0.019283781006477974
(22,23): -0.0016025185983388644
(23,22): -0.001861562064529706
(23,24): 0.0004142526171217647
(24,23): -0.0004460361509835372
(24,25): -0.0025691047726495277
(25,24): -0.0011857943993369893
(25,26): -0.014255920589148008
(26,15): -0.011670877877185626
(26,21): 0.0007666267679438982
(26,25): -0.009147249609406662
(27,10): 0.062410025424968735
(27,28): 0.04808970173312618
(28,7): 0.016873204383471098
(28,27): 0.03817117874164267
(29,6): -0.031702578184771874
(29,30): -0.024790866855900928
(30,29): 0.0015193270482315652
(30,31): 0.013263975705557908
(30,35): 0.028535902083766676
(31,30): 0.004884011156950718
(31,32): -0.004379230443152259
(31,33): -0.001583163418791393
(31,34): -0.00873617487856128
(32,31): 0.012089693439551645
(33,31): 0.03327924068221839
(34,31): 0.029788287792847905
(35,4): 0.028733585161100264
(35,30): -0.02304586712129943

Sum of Shapley values: 1.0256433482536254

Minimal top-k set edge index:
[[1, 10, 11, 9, 27], [4, 11, 10, 10, 10]]

FID+: 0.7794846743345261

Pertinent positive set edge index:
[[1, 10, 11, 9, 27, 16, 15, 10, 10, 19, 11, 18, 7, 27, 4, 15, 28, 4, 7, 33, 14, 16], [4, 11, 10, 10, 10, 17, 16, 27, 9, 20, 12, 19, 28, 28, 5, 14, 27, 35, 8, 31, 13, 15]]

FID-: 0.009486913681030273

