Explaining class 0 for compound: O=C1COc2c(N3CCN(CCCCOc4ccn5ncc(C=NO)c5c4)CC3)ccc(O)c2N1

Shapley values for edges:
(0,1): 0.003799331649559075
(1,0): 0.03607563567392441
(1,2): 0.0017370580343310676
(1,34): 0.017562166649481462
(2,1): 0.032451084888437086
(2,3): 0.0019579861122904756
(3,2): 0.019926020797235464
(3,4): -0.03232464193398269
(4,3): 0.0072590562005786854
(4,5): 0.03257546672693394
(4,33): 0.011753802917595153
(5,4): 0.00011441357101921042
(5,6): 0.017147485263135955
(5,29): 0.006017162234802441
(6,5): 0.03197118069023856
(6,7): 0.0611268616282856
(6,28): 0.052337331393192514
(7,6): 0.004660886509779696
(7,8): 0.012217884597611799
(8,7): 0.03673668635588355
(8,9): 0.008896543134838819
(9,8): 0.12045348880081479
(9,10): 0.03714300501477793
(9,27): 0.138877775016736
(10,9): 0.07638673260046987
(10,11): 0.014833722701303866
(11,10): 0.0021222615869586283
(11,12): 0.005186474186934114
(12,11): -0.017602515887478597
(12,13): 0.00013609844967823738
(13,12): 0.0052149085834840925
(13,14): -0.002059097169436086
(14,13): 0.00939330420980369
(14,15): -0.0001039768494522833
(15,14): 0.015611980865790529
(15,16): -0.00603245871970665
(15,26): 7.998019679026094e-05
(16,15): 0.014991766212701485
(16,17): 0.002245534524304227
(17,16): -0.0033109302113131195
(17,18): 0.031694133097981664
(18,17): -0.012969734503912051
(18,19): -0.00124779857737046
(18,25): -0.027210062940912313
(19,18): -0.017452583884004468
(19,20): -0.015566977184252708
(20,19): 0.023456427311705358
(20,21): -0.004030235479816768
(21,20): -0.005621487800253301
(21,22): 0.04072894734696297
(21,25): 0.003752027529968481
(22,21): -0.0029991140177050156
(22,23): 0.04547511822456573
(23,22): -0.036329739065215264
(23,24): 0.023844545745663092
(24,23): 0.008557705194321523
(25,18): 0.020063512836124793
(25,21): 0.009094938020479155
(25,26): -0.00937072667708294
(26,15): -0.00935597477364653
(26,25): 0.0001473286465092295
(27,9): 0.022661068929585526
(27,28): 0.048804983293239367
(28,6): 0.010639619056823807
(28,27): 0.02808804923682333
(29,5): -0.048845588444999255
(29,30): -0.0009350040972695194
(30,29): 0.0012801431970472473
(30,31): 0.02704535460274227
(31,30): -0.006240213371620328
(31,32): 0.08914331768924542
(31,33): 0.0032878485439827975
(32,31): -0.03612539290272156
(33,4): 0.003522917462183369
(33,31): 0.024309245683218066
(33,34): 0.024220350749064968
(34,1): 0.015372522288487846
(34,33): -0.010304494721235064

Sum of Shapley values: 1.0381524334530419

Minimal top-k set edge index:
[[9, 9, 31], [27, 8, 32]]

FID+: 0.9993491662899032

Pertinent positive set edge index:
[[9, 9, 31, 10, 6, 6, 27, 22, 21, 9, 8, 1, 4, 2, 6, 17, 28, 30, 33, 33, 23], [27, 8, 32, 9, 7, 28, 28, 23, 22, 10, 7, 0, 5, 1, 5, 18, 27, 31, 31, 34, 24]]

FID-: 0.10745429992675781

