Interaction name: 1o4q

Affinity: 2.490000009536743
Predicted value: 5.219329833984375

Shapley values for edges: 

(0,1): 0.003765299320220947
(0,2): 0.0
(0,6): 0.05232198715209961
(0,7): 1.9073486328125e-08
(0,11): 0.11146973848342895
(0,12): -0.001088719367980957
(0,15): 0.005479207038879394
(0,16): 0.01932762622833252
(0,17): -0.018373847007751465
(0,18): -0.014306902885437012
(0,19): -0.010781896114349366
(0,20): -0.05983309030532837
(0,22): -0.02844014883041382
(0,23): -0.032576041221618654
(1,0): -0.005075459480285645
(1,2): -0.0020787763595581056
(1,3): 1.430511474609375e-08
(1,4): -7.152557373046875e-09
(1,5): 0.0477610445022583
(1,7): 0.1069311809539795
(1,8): 2.639293670654297e-05
(1,9): -0.0026334667205810546
(1,12): -7.42197036743164e-06
(1,15): 0.09590348958969117
(1,16): -0.019330379962921144
(1,17): 0.0008528828620910645
(1,18): 0.007774925231933594
(1,19): -0.015567700862884521
(1,20): -0.022808289527893065
(1,21): -0.10138109922409058
(1,22): -0.0007889652252197265
(1,23): -0.05260776996612549
(2,0): 9.5367431640625e-09
(2,1): 0.0005714035034179687
(2,3): 1.6295909881591796e-05
(2,5): 0.005736484527587891
(2,6): 0.023635759353637695
(2,8): 0.0016688919067382813
(2,12): -3.126859664916992e-05
(2,14): 0.031572868824005125
(2,15): 0.004087738990783692
(2,16): -0.0038516807556152346
(2,18): -0.05006638526916504
(2,19): -0.0035865187644958498
(2,21): -0.07000777244567871
(2,22): -0.023199503421783448
(3,1): 1.430511474609375e-08
(3,2): 3.9479732513427735e-05
(3,4): -2.384185791015625e-09
(3,6): -9.5367431640625e-09
(3,7): 0.0008329081535339355
(3,9): 0.0006891536712646484
(3,12): 7.649660110473633e-05
(3,14): 0.008045470714569092
(3,15): 0.0028527498245239256
(3,16): -0.03897970676422119
(3,17): -0.021743707656860352
(3,18): -0.011051511764526368
(3,19): -0.019665169715881347
(3,20): -0.05759510040283203
(3,21): -0.005237684249877929
(3,22): 0.025019466876983643
(3,23): 0.016908342838287353
(4,1): 0.001151280403137207
(4,3): 0.0
(4,6): 0.00046546459197998046
(4,8): -1.9073486328125e-08
(4,11): -0.004479012489318848
(4,12): -0.00016004085540771484
(4,14): 0.06911017417907715
(4,15): 0.0016016244888305664
(4,16): -0.03420116186141968
(4,17): -0.023808355331420897
(4,18): 3.769397735595703e-05
(4,19): -0.008458127975463867
(4,20): 0.006364297866821289
(4,21): 0.005236907005310059
(4,22): 0.004675273895263672
(4,23): -0.006873326301574707
(5,1): -0.007121942043304443
(5,2): -0.0038030672073364256
(5,6): 0.004980258941650391
(5,7): -1.1920928955078126e-08
(5,11): -0.008694548606872559
(5,12): -3.414154052734375e-06
(5,15): -0.0010071015357971192
(6,0): -0.0022617053985595705
(6,2): -0.007646219730377197
(6,3): 0.0
(6,4): 0.0
(6,5): 0.015126299858093262
(6,7): 0.022146706581115724
(6,8): -1.1920928955078126e-08
(6,9): -2.2871494293212892e-05
(6,12): -1.65557861328125e-05
(6,15): 0.015950284004211425
(7,0): 4.76837158203125e-09
(7,1): -0.01167391061782837
(7,3): -0.00021936178207397462
(7,5): 0.0008785295486450196
(7,6): -0.010812230110168457
(7,8): -0.0008295559883117675
(7,12): 1.7611980438232423e-05
(7,14): -0.008734018802642822
(7,15): -0.01159468173980713
(8,1): 1.1920928955078126e-08
(8,2): -0.0005436587333679199
(8,4): 9.5367431640625e-09
(8,6): 1.1920928955078126e-08
(8,7): -0.006065673828125
(8,9): -5.8746337890625e-06
(8,12): -0.00015750646591186523
(8,14): -0.019881937503814697
(8,15): -0.03256539583206177
(9,1): -2.384185791015625e-09
(9,3): 2.384185791015625e-09
(9,6): 0.00015024185180664062
(9,8): -0.0005175542831420899
(9,11): -0.02924760103225708
(9,12): -0.0006978845596313476
(9,14): -0.020076398849487306
(9,15): -0.002862114906311035
(10,11): 9.5367431640625e-09
(10,12): 0.006386487483978271
(10,13): 0.006168992519378662
(10,14): -0.00010112285614013672
(10,15): 0.0
(10,25): -0.011466503143310547
(11,0): 0.03513218641281128
(11,4): -0.0068336701393127445
(11,5): 0.013433327674865722
(11,9): 0.10517979383468629
(11,10): 0.005035905838012695
(11,12): -0.00014007091522216797
(11,13): 0.028293619155883788
(11,14): 0.00043174266815185544
(11,15): -4.76837158203125e-09
(11,24): 0.061713757514953616
(11,25): -0.00597501277923584
(11,26): -0.0025465750694274904
(12,0): -9.5367431640625e-09
(12,1): 0.0
(12,2): 0.0
(12,3): -9.5367431640625e-09
(12,4): -1.6689300537109377e-08
(12,5): -1.9073486328125e-08
(12,6): 0.0008002352714538574
(12,7): 5.707025527954102e-05
(12,8): -9.797573089599609e-05
(12,9): -4.990339279174805e-05
(12,10): 0.028422832489013672
(12,11): 1.9073486328125e-08
(12,13): 0.06932337522506714
(12,14): -0.00022576332092285155
(12,15): 1.9073486328125e-08
(12,26): 0.011669065952301026
(13,10): 2.1030902862548827e-05
(13,11): 1.430511474609375e-08
(13,12): -0.001389904022216797
(13,14): 0.0002220916748046875
(13,15): 0.0
(14,2): -0.020194382667541505
(14,3): -0.012975330352783204
(14,4): -0.024533801078796387
(14,7): -0.008509173393249511
(14,8): -0.0009993314743041992
(14,9): -0.0036772656440734863
(14,10): 0.008392548561096192
(14,11): 4.76837158203125e-09
(14,12): -9.813308715820313e-05
(14,13): -0.0013701391220092773
(14,15): 1.9073486328125e-08
(15,0): 0.00034118175506591796
(15,1): 0.012056853771209717
(15,2): -0.009850823879241943
(15,3): -0.0021417951583862305
(15,4): -0.002044856548309326
(15,5): -0.002561178207397461
(15,6): -0.02641246557235718
(15,7): 0.0039388942718505855
(15,8): 0.024124469757080078
(15,9): 0.001260073184967041
(15,10): -0.004448554515838623
(15,11): 0.0
(15,12): 5.925893783569336e-05
(15,13): 0.004685249328613281
(15,14): 9.5367431640625e-09
(16,0): -2.384185791015625e-09
(16,1): 0.01169339418411255
(16,2): -0.0011923789978027343
(16,3): 0.004516010284423828
(16,4): 0.01716576099395752
(16,17): -0.011852245330810546
(16,19): -0.0029996991157531737
(17,0): 0.0041811132431030275
(17,1): -9.5367431640625e-09
(17,3): 0.007227158546447754
(17,4): 0.005054435729980469
(17,16): 0.0008783221244812011
(17,19): 0.0006838035583496094
(18,0): 0.0279891037940979
(18,1): -1.430511474609375e-08
(18,2): 0.006487751007080078
(18,3): -0.010991430282592774
(18,4): 0.002319490909576416
(18,20): 0.0007918214797973633
(18,22): 0.028292760848999024
(19,0): 0.01281458854675293
(19,1): 0.03406284332275391
(19,2): -0.007593173980712891
(19,3): 0.017917799949645995
(19,4): 0.011209192276000977
(19,16): -0.02529923677444458
(19,17): 0.0022723054885864257
(20,0): 0.05585741996765137
(20,1): 0.0006447005271911621
(20,3): 0.007667562961578369
(20,4): 3.5762786865234374e-08
(20,18): 0.016889195442199707
(20,22): 0.0
(20,26): -0.003452155590057373
(21,1): 0.0452962064743042
(21,2): -0.006172473430633545
(21,3): -9.038925170898438e-05
(21,4): -0.006509838104248047
(21,23): 0.1444383120536804
(22,0): -0.022978553771972655
(22,1): -0.00040057659149169924
(22,2): 0.014050054550170898
(22,3): -0.051888198852539064
(22,4): 0.0050354814529418946
(22,18): 0.01755743980407715
(22,20): -0.01639151096343994
(22,26): -0.00769430160522461
(23,0): -0.0046163201332092285
(23,1): 0.11518541812896728
(23,3): 0.009014966487884522
(23,4): -0.000269775390625
(23,21): -0.025728354454040526
(24,11): 0.035632567405700685
(25,10): 0.017463476657867433
(25,11): 0.007898592948913574
(25,26): 0.00814493179321289
(26,11): 0.010635995864868164
(26,12): 0.008485267162322998
(26,20): -0.0180179762840271
(26,22): -0.027756872177124022
(26,25): 0.0048623871803283696
Number of important protein edges: 4
Number of important ligand edges: 10
Number of important interaction edges: 11
