Interaction name: 6gfz

Affinity: 5.510000228881836
Predicted value: 6.721475124359131

Shapley values for edges: 

(0,7): 0.028024883270263673
(0,10): 0.024477148056030275
(0,25): -0.18727954864501953
(1,3): -0.015223100185394287
(1,6): 0.015627222061157228
(1,8): -0.016390118598937988
(1,9): -0.005678000450134277
(1,17): -0.14024946689605713
(1,26): -0.06406753063201905
(2,11): 0.02839560031890869
(2,12): -0.0957718563079834
(2,18): 0.010843877792358398
(2,25): 0.0009961795806884765
(3,1): -0.025550694465637208
(3,6): 0.030625457763671874
(3,8): -0.0186253023147583
(3,11): 0.02662445068359375
(3,12): 0.007303404808044434
(3,18): -0.0030493974685668946
(3,19): 0.04903372287750244
(3,25): -0.09107253551483155
(3,26): 0.03131377220153809
(4,15): -0.0023679685592651366
(4,16): 0.002619781494140625
(4,22): -0.019506826400756835
(4,23): 0.03683970451354981
(5,11): 0.03271685600280762
(5,12): -0.034543979167938235
(5,18): -8.9874267578125e-05
(6,1): -0.11395334720611572
(6,3): 0.00513063907623291
(6,12): -0.025184597969055176
(6,13): 0.010158147811889649
(6,18): -0.004490242004394531
(6,19): 0.012576642036437989
(6,20): 0.016992015838623045
(6,28): 0.010626883506774902
(7,0): 0.05360552310943603
(7,29): 0.032624826431274415
(7,43): -0.060740203857421876
(8,1): -0.022791616916656494
(8,3): -0.012066202163696289
(8,9): -0.012791862487792969
(8,10): -0.03639773845672607
(8,17): -0.004363079071044922
(8,30): 0.11953293323516846
(8,34): 0.16349591732025145
(8,39): 0.007586350440979004
(9,1): -0.01757044792175293
(9,8): -0.0021187496185302735
(9,10): -0.18893697261810302
(9,17): -0.062070889472961424
(9,29): 0.018034520149230956
(10,0): -0.08118388175964356
(10,8): -0.007092900276184082
(10,9): -0.026110081672668456
(10,17): 0.058191347122192386
(10,31): 0.19779015064239502
(10,32): 0.04407547473907471
(11,2): -0.09154402494430541
(11,3): -0.061284637451171874
(11,5): -0.06258269786834716
(11,12): -0.001315603256225586
(11,18): -0.021967225074768067
(11,33): 0.1314556407928467
(12,2): -0.051799259185791015
(12,3): -0.025187854766845704
(12,5): 0.013109192848205567
(12,6): -0.06487003803253173
(12,11): -0.03191239356994629
(12,13): 0.022096853256225586
(12,18): -0.006429414749145507
(12,35): 0.007840652465820313
(12,44): -0.003223104476928711
(13,6): -0.008281774520874023
(13,12): 0.12343562602996826
(13,14): -0.012181153297424316
(13,19): -0.020643458366394044
(13,20): 0.003552570343017578
(13,21): 0.0034433078765869142
(13,22): 0.004377593994140625
(13,24): -0.033917384147644045
(13,36): 0.09306689023971558
(14,13): -0.015028481483459472
(14,15): -0.003156862258911133
(14,19): 0.006921782493591309
(14,20): 0.01442347526550293
(14,21): -0.0028061437606811523
(14,22): -0.043148746490478514
(14,23): -0.11445598125457764
(14,39): -0.03193823337554932
(14,42): 0.06518449783325195
(15,4): -0.014783573150634766
(15,14): 0.020299816131591798
(15,16): -0.017293200492858887
(15,21): 0.057671494483947754
(15,22): 0.0177144193649292
(15,23): -0.021671576499938963
(15,24): 0.03602175235748291
(15,37): 0.0009225130081176758
(15,38): 0.0033740663528442384
(15,39): 0.042952232360839844
(15,40): 0.035337638854980466
(15,43): -0.13515541553497315
(16,4): 0.011748228073120117
(16,15): -0.009588394165039062
(16,21): 0.021434478759765625
(16,22): -0.009930717945098876
(16,23): -0.0001977682113647461
(16,35): 0.12673224449157716
(16,37): -0.0941490125656128
(16,39): 0.06679052352905274
(16,40): 0.04142284393310547
(16,41): 0.09276818752288818
(16,42): 0.029621696472167967
(17,1): -0.02169034004211426
(17,8): 0.033005266189575194
(17,9): -0.008126955032348632
(17,10): 0.03246304512023926
(17,32): -0.01174403190612793
(17,38): 0.11208585262298584
(17,43): 0.14377104759216308
(18,2): -0.042249259948730467
(18,3): -0.01917536735534668
(18,5): -0.004989156723022461
(18,6): -0.013661129474639893
(18,11): -0.026448097229003906
(18,12): -0.005752224922180176
(18,34): 0.0394126033782959
(18,43): -0.012537870407104492
(18,44): 0.03145089149475098
(19,3): -0.07047865152359009
(19,6): -0.0546026611328125
(19,13): -0.015957770347595216
(19,14): 0.00105269193649292
(19,20): -0.013524408340454102
(19,21): -0.002839808464050293
(19,22): -0.0018788719177246095
(19,24): -0.03150503396987915
(20,6): -0.0429266357421875
(20,13): -0.0002777576446533203
(20,14): 0.008804726600646972
(20,19): -0.008428950309753418
(20,21): -0.021160330772399902
(20,22): -0.005364117622375489
(20,24): 0.04136711597442627
(21,13): 0.01900090217590332
(21,14): -0.0028221273422241212
(21,15): -0.015946812629699707
(21,16): 0.014665536880493164
(21,19): 0.00121429443359375
(21,20): -0.004846930503845215
(21,22): -0.008187017440795898
(21,23): -0.0247293758392334
(21,24): -0.0055463314056396484
(22,4): -0.1994249439239502
(22,13): -0.0006366395950317383
(22,14): 0.00015607118606567383
(22,15): -0.001282668113708496
(22,16): -0.0018930244445800781
(22,19): 0.0059386777877807615
(22,20): -0.0002626395225524902
(22,21): 0.010999007225036621
(22,23): -0.01649260997772217
(22,24): 0.009088482856750488
(22,37): 0.01262256383895874
(22,38): 0.0123370361328125
(23,4): -0.002255246639251709
(23,14): 0.07923074007034302
(23,15): -0.0001993703842163086
(23,16): -0.0042320919036865235
(23,21): 0.01049781322479248
(23,22): 0.002405705451965332
(23,24): -0.07717276573181152
(24,13): -0.003912534713745117
(24,15): 0.007083330154418945
(24,19): 0.012241511344909669
(24,20): 0.019835338592529297
(24,21): 0.001371006965637207
(24,22): -2.5510787963867188e-05
(24,23): -0.10738213777542115
(25,0): 0.03631524085998535
(25,2): 0.04285290718078613
(25,3): 0.1766068983078003
(25,43): 0.13972017765045167
(25,44): -0.04141497611999512
(26,1): 0.08112274646759034
(26,3): 0.015415821075439453
(26,34): 0.11319621086120606
(26,35): 0.007399144172668457
(27,43): -0.0466810131072998
(27,44): -0.06330504894256592
(28,6): -0.0032892084121704103
(28,43): -0.18727244853973388
(29,7): 0.043017401695251464
(29,9): 0.12583283424377442
(30,8): -0.00333341121673584
(30,31): -0.018267874717712403
(30,33): 0.0060499334335327145
(31,10): 0.02313098907470703
(31,30): -0.0034123992919921874
(31,32): -0.01099409580230713
(31,33): -0.013238286972045899
(32,10): 0.04119384765625
(32,17): -0.049693591594696045
(32,31): 0.10053610801696777
(33,11): 0.017661914825439454
(33,30): 0.011183066368103027
(33,31): -0.01589162826538086
(34,8): 0.12794003009796143
(34,18): 0.041394801139831544
(34,26): 0.08876146793365479
(34,35): 0.042013330459594725
(35,12): 0.012412834167480468
(35,16): 0.038967738151550295
(35,26): -0.12585856914520263
(35,34): -0.039373621940612794
(35,38): 0.02033705234527588
(36,13): 0.02435468673706055
(36,39): -0.04680763244628906
(37,15): -0.040478227138519285
(37,16): -0.04850049018859863
(37,22): 0.07259029388427735
(38,15): 0.002802724838256836
(38,17): -0.021818294525146484
(38,22): 0.07374459266662597
(38,35): 0.031668362617492674
(39,8): -0.04020827770233154
(39,14): -0.01310267448425293
(39,15): -0.004855070114135742
(39,16): -0.0036916446685791014
(39,36): 0.052708072662353514
(40,15): -0.007176384925842285
(40,16): 0.009558939933776855
(41,16): -0.0293239164352417
(42,14): 0.008829278945922852
(42,16): -0.0011517095565795898
(43,7): 0.1751193857192993
(43,15): -0.0019021987915039062
(43,17): 0.06339982509613037
(43,18): 0.058806521892547606
(43,25): -0.06006190776824951
(43,27): 0.10209191799163818
(43,28): -0.07768849849700928
(44,12): 0.003435831069946289
(44,18): 0.009322738647460938
(44,25): -0.09962722301483154
(44,27): -0.09173415660858154
Number of important protein edges: 5
Number of important ligand edges: 8
Number of important interaction edges: 12
